Amilopektin
80.07462
74.10448
73.0597
82.31343
78.73135
70.22388
79.32836
79.9
80.37313
76.79105
80.67164
77.38806
73.95522
74.70149
74.32836
80.22388
80.52238
79.77612
77.53732
78.58209
78.28358
74.40298
72.91045
71.71642
78.28358
75.59702
74.70149
75.44776
70.82089
69.77612
72.31343
74.25373
71.71642
77.53732
77.08955
70.97015
71.26865
70.37313
68.13433
76.49254
79.77612
69.02985
77.83582
77.08955
72.61194
75.14925
76.19403
73.95522
73.50746
71.71642
86.2
85
78.43284
76.6
74.85075
79.77612
82.61194
79.77612
84.55224
84.40298
84.5
85.74627
78.3
81.41791
82.61194
85.44776
87.68657
74.40298
79.32836
64.70149
77
75.89552
80.52282
80.52282
80.52282
76.49254
74.70149
78.43284
86.64179
87.98508
85
73.1
74.10448
84.70149
81.26865
79.32836
77.68657
77.3
71.41791
78.5
73.80597
71.86567
72.46268
72.76119
76.19403
80.07462
71.26865
81.71642
71.8
80.22388
82.8
81.56716
78.43284
75.5
78.43284
80.22388
77.08955
83.95522
79.92538
80.52238
82.2
83.80597
78.73135
83.85
84.9
87.45
75.29851
76.7
78.13433
83.80597
75.89552
86.19403
80.67164
91.5
91.41791
91.56716
89.02985
74.55224
85.29851
80.52282
96.34328
82.76119
82.16418
90.37313
87.68657
92.76119
91.41791
91.1194
87.23881
89
90.82089
82.16418
92.16418
80.52238
87.08955
89.02985
86.34328
82.9
83.20895
82.61194